53 414
53 415
53 416
53 417
53 418
53 419
53 420
53 421
53 684
53 685
53 686
53 687
53 688
53 689
53 690
53 691
54 405
54 406
54 407
54 408
54 409
54 410
54 411
54 412
54 413
54 414
54 415
54 416
54 417
54 418
54 419
54 420
54 421
54 422
54 423
54 424
54 425
54 426
54 427
54 428
54 429
54 430
54 675
54 676
54 677
54 678
54 679
54 680
54 681
54 682
54 683
54 684
54 685
54 686
54 687
54 688
54 689
54 690
54 691
54 692
54 693
54 694
54 695
54 696
54 697
54 698
54 699
54 700
55 238
55 239
55 240
55 241
55 242
55 243
55 244
55 245
55 246
55 247
55 248
55 249
55 250
55 251
55 252
55 253
55 254
55 255
55 256
55 257
55 258
55 259
55 260
55 261
55 262
55 263
55 264
55 265
55 266
55 267
55 268
55 269
55 270
55 271
55 272
55 273
55 274
55 275
55 276
55 277
55 278
55 279
55 280
55 281
55 282
55 283
55 284
55 285
55 286
55 287
55 288
55 289
55 290
55 291
55 292
55 293
55 294
55 295
55 296
55 297
55 298
55 299
55 300
55 301
55 302
55 303
55 304
55 305
55 306
55 307
55 308
55 309
55 310
55 311
55 312
55 313
55 314
55 315
55 316
55 317
55 318
55 319
55 320
55 321
55 322
55 323
55 324
55 325
55 326
55 327
55 328
55 329
55 330
55 331
55 332
55 401
55 402
55 403
55 404
55 405
55 406
55 407
55 408
55 409
55 410
55 411
55 412
55 413
55 414
55 415
55 416
55 417
55 418
55 419
55 420
55 421
55 422
55 423
55 424
55 425
55 426
55 427
55 428
55 429
55 430
55 431
55 432
55 433
55 434
55 435
55 508
55 509
55 510
55 511
55 512
55 513
55 514
55 515
55 516
55 517
55 518
55 519
55 520
55 521
55 522
55 523
55 524
55 525
55 526
55 527
55 528
55 529
55 530
55 531
55 532
55 533
55 534
55 535
55 536
55 537
55 538
55 539
55 540
55 541
55 542
55 543
55 544
55 545
55 546
55 547
55 548
55 549
55 550
55 551
55 552
55 553
55 554
55 555
55 556
55 557
55 558
55 559
55 560
55 561
55 562
55 563
55 564
55 565
55 566
